0,310
0,305
0,308
0,307
0,302
0,304
0,303
0,12
0,10
0,8
0,0
0,417
0,416
0,300
0,414
0,299
0,564
0,496
0,298
0,413
0,297
0,493
0,412
0,296
0,492
0,411
0,295
0,530
0,495
0,294
0,491
0,410
0,293
0,529
0,409
0,292
0,550
0,407
0,291
0,489
0,406
0,290
0,560
0,488
0,289
0,549
0,288
0,563
0,405
0,287
0,404
0,286
0,547
0,403
0,285
0,528
0,401
0,284
0,527
0,400
0,283
0,526
0,402
0,282
0,399
0,398
0,281
0,397
0,396
0,280
0,395
0,394
0,279
0,393
0,392
0,278
0,391
0,390
0,277
0,389
0,388
0,276
0,559
0,546
0,275
0,487
0,387
0,274
0,486
0,386
0,273
0,485
0,385
0,272
0,484
0,483
0,271
0,545
0,384
0,270
0,525
0,383
0,269
0,544
0,382
0,268
0,482
0,381
0,267
0,524
0,481
0,266
0,562
0,558
0,265
0,480
0,380
0,264
0,479
0,379
0,263
0,478
0,378
0,262
0,477
0,476
0,261
0,568
0,377
0,260
0,523
0,376
0,259
0,475
0,375
0,258
0,543
0,374
0,257
0,522
0,474
0,256
0,542
0,473
0,255
0,521
0,373
0,254
0,472
0,372
0,253
0,471
0,371
0,252
0,557
0,470
0,251
0,469
0,370
0,250
0,468
0,369
0,249
0,520
0,368
0,248
0,519
0,367
0,247
0,541
0,518
0,246
0,517
0,467
0,245
0,466
0,366
0,244
0,567
0,365
0,242
0,465
0,364
0,241
148,1
1,0
1,3
0,243
0,322
0,408
0,415
0,423
0,437
0,441
0,449
0,490
0,497
0,500
0,501
0,503
0,513
0,548
1,2
3,0
3,3
145,0
145,2
145,3
146,1
146,3
146,4
147,1
147,2
148,2
148,4
149,1
149,3
150,0
150,2
150,3
151,1
151,3
151,4
152,1
152,2
153,0
153,2
153,3
154,0
154,1
154,3
154,4
155,1
155,3
155,4
157,1
157,2
157,4
159,1
159,2
159,4
162,0
162,2
162,3
165,0
165,2
165,3
165,5
165,6
166,1
166,3
167,0
167,2
167,3
168,1
168,2
168,3
168,0
167,1
166,2
166,0
165,4
165,1
162,4
162,1
159,3
159,0
157,3
157,0
155,2
155,0
154,2
153,4
153,1
152,3
152,0
151,2
151,0
150,1
149,2
149,0
147,3
147,0
146,2
146,0
145,1
3,1
2,2
0,514
0,502
0,498
0,494
0,445
0,424
0,418
0,329
1,1
148,5
148,3
148,0
2,1
2,3
2,0
0,9
0,464
0,363
0,240
0,516
0,463
0,239
0,462
0,362
0,238
0,461
0,361
0,237
0,540
0,360
0,236
0,539
0,359
0,235
0,538
0,515
0,234
0,460
0,233
0,459
0,358
0,232
0,458
0,357
0,231
0,556
0,356
0,230
0,555
0,355
0,229
0,354
0,228
0,512
0,353
0,227
0,511
0,457
0,226
0,456
0,352
0,225
0,455
0,351
0,224
0,510
0,350
0,223
0,537
0,349
0,222
0,536
0,454
0,221
0,509
0,453
0,220
0,452
0,348
0,219
0,535
0,347
0,218
0,534
0,346
0,217
0,508
0,345
0,216
0,451
0,344
0,215
0,507
0,343
0,214
0,554
0,342
0,213
0,552
0,341
0,212
0,551
0,340
0,211
0,553
0,339
0,210
0,569
0,338
0,209
0,448
0,337
0,208
0,450
0,336
0,207
0,447
0,446
0,206
0,565
0,335
0,205
0,444
0,334
0,204
0,443
0,333
0,203
0,442
0,332
0,202
0,440
0,201
0,533
0,506
0,200
0,505
0,331
0,199
0,439
0,330
0,198
0,438
0,197
0,504
0,328
0,196
0,561
0,436
0,195
0,532
0,435
0,194
0,575
0,327
0,193
0,434
0,326
0,192
0,433
0,325
0,63
0,432
0,324
0,62
0,431
0,323
0,61
0,430
0,321
0,60
0,429
0,428
0,59
0,574
0,320
0,58
0,427
0,319
0,57
0,426
0,318
0,56
0,573
0,317
0,55
0,531
0,566
0,54
0,499
0,425
0,53
0,316
0,52
0,572
0,315
0,51
0,571
0,314
0,50
0,422
0,313
0,49
0,570
0,312
0,48
0,421
0,311
0,47
0,420
0,309
0,46
0,419
0,306
0,45
0,301
0,6
0,5
0,1
0,11
0,4
0,2
0,3
0,7
